301
302
303
304
305
306
307
308
309
310
311
312
313
314
315
316
317
318
319
320
321
322
323
324
325
326
327
328
329
401
402
403
404
405
406
407
408
409
410
411
412
413
414
415
416
417
418
419
420
3 24.000000 
0 0.000000 
0 0.000000 
20 160.000000 
0 0.000000 
1 8.000000 
2 16.000000 
27 216.000000 
13 104.000000 
0 0.000000 
0 0.000000 
3 24.000000 
20 160.000000 
1 8.000000 
15 120.000000 
2 16.000000 
1 8.000000 
15 120.000000 
24 192.000000 
14 112.000000 
0 0.000000 
0 0.000000 
0 0.000000 
0 0.000000 
0 0.000000 
8 64.000000 
5 40.000000 
4 32.000000 
16 128.000000 
0 0.000000 
0 0.000000 
0 0.000000 
0 0.000000 
3 24.000000 
2 16.000000 
0 0.000000 
0 0.000000 
0 0.000000 
0 0.000000 
0 0.000000 
0 0.000000 
0 0.000000 
0 0.000000 
0 0.000000 
0 0.000000 
0 0.000000 
0 0.000000 
15 120.000000 
0 0.000000 
