301
302
303
304
305
306
307
308
309
310
311
312
313
314
315
316
317
318
319
320
321
322
323
324
325
326
327
328
329
401
402
403
404
405
406
407
408
409
410
411
412
413
414
415
416
417
418
419
420
280 2240.000000 
0 0.000000 
60 480.000000 
301 2408.000000 
4 32.000000 
220 1760.000000 
126 1008.000000 
595 4760.000000 
323 2584.000000 
265 2120.000000 
23 184.000000 
74 592.000000 
548 4384.000000 
136 1088.000000 
47 376.000000 
131 1048.000000 
199 1592.000000 
269 2152.000000 
443 3544.000000 
251 2008.000000 
0 0.000000 
34 272.000000 
7 56.000000 
15 120.000000 
20 160.000000 
312 2496.000000 
37 296.000000 
148 1184.000000 
460 3680.000000 
0 0.000000 
0 0.000000 
0 0.000000 
0 0.000000 
62 496.000000 
71 568.000000 
0 0.000000 
0 0.000000 
0 0.000000 
0 0.000000 
0 0.000000 
0 0.000000 
1 8.000000 
0 0.000000 
0 0.000000 
0 0.000000 
0 0.000000 
104 832.000000 
245 1960.000000 
0 0.000000 
