Cluster Index	Voxels	1-p-MAX	1-p-MAX X (mm)	1-p-MAX Y (mm)	1-p-MAX Z (mm)	1-p-COG X (mm)	1-p-COG Y (mm)	1-p-COG Z (mm)
16	601	1	6	26	-2	-0.000145	27.3	-12.6
15	18	0.992	2	28	14	-7.63e-06	30.1	14.7
14	5	0.992	2	54	-16	2.4	53.2	-16.8
13	5	0.992	-2	54	-16	-2.4	53.2	-16.8
12	3	0.993	16	34	18	16	32	18
11	3	0.993	-16	34	18	-16	32	18
10	2	0.992	12	26	18	11	26	18
9	2	0.992	-12	26	18	-11	26	18
8	1	0.989	10	46	-18	10	46	-18
7	1	0.989	-10	46	-18	-10	46	-18
6	1	0.991	4	6	-14	4	6	-14
5	1	0.991	-4	6	-14	-4	6	-14
4	1	0.989	12	36	0	12	36	0
3	1	0.989	-12	36	0	-12	36	0
2	1	0.995	8	34	4	8	34	4
1	1	0.995	-8	34	4	-8	34	4
